   1.0000000e-02  -2.9160124e+00   1.0000000e+01
   2.0000000e-02  -1.5946764e+00   1.0000000e+01
   3.0000000e-02   4.1812557e-01   1.0000000e+01
   4.0000000e-02   2.9756790e+00   1.0000000e+01
   5.0000000e-02   5.9012342e+00   1.0000000e+01
   6.0000000e-02   9.0000007e+00   1.0000000e+01
   7.0000000e-02   1.2071930e+01   1.0000000e+01
   8.0000000e-02   1.4924458e+01   1.0000000e+01
   9.0000000e-02   1.7384409e+01   1.0000000e+01
   1.0000000e-01   1.9308330e+01   1.0000000e+01
   1.1000000e-01   2.0590665e+01   1.0000000e+01
   1.2000000e-01   2.1169293e+01   1.0000000e+01
   1.3000000e-01   2.1028182e+01   1.0000000e+01
   1.4000000e-01   2.0197067e+01   1.0000000e+01
   1.5000000e-01   1.8748247e+01   1.0000000e+01
   1.6000000e-01   1.6790803e+01   1.0000000e+01
   1.7000000e-01   1.4462668e+01   1.0000000e+01
   1.8000000e-01   1.1921110e+01   1.0000000e+01
   1.9000000e-01   9.3322741e+00   1.0000000e+01
   2.0000000e-01   6.8604653e+00   1.0000000e+01
   2.1000000e-01   4.6578643e+00   1.0000000e+01
   2.2000000e-01   2.8552995e+00   1.0000000e+01
   2.3000000e-01   1.5546313e+00   1.0000000e+01
   2.4000000e-01   8.2318056e-01   1.0000000e+01
   2.5000000e-01   6.9049253e-01   1.0000000e+01
   2.6000000e-01   1.1475714e+00   1.0000000e+01
   2.7000000e-01   2.1485631e+00   1.0000000e+01
   2.8000000e-01   3.6147092e+00   1.0000000e+01
   2.9000000e-01   5.4402573e+00   1.0000000e+01
   3.0000000e-01   7.4998984e+00   1.0000000e+01
   3.1000000e-01   9.6572206e+00   1.0000000e+01
   3.2000000e-01   1.1773616e+01   1.0000000e+01
   3.3000000e-01   1.3717069e+01   1.0000000e+01
   3.4000000e-01   1.5370272e+01   1.0000000e+01
   3.5000000e-01   1.6637585e+01   1.0000000e+01
   3.6000000e-01   1.7450425e+01   1.0000000e+01
   3.7000000e-01   1.7770801e+01   1.0000000e+01
   3.8000000e-01   1.7592815e+01   1.0000000e+01
   3.9000000e-01   1.6942109e+01   1.0000000e+01
   4.0000000e-01   1.5873331e+01   1.0000000e+01
   4.1000000e-01   1.4465861e+01   1.0000000e+01
   4.2000000e-01   1.2818094e+01   1.0000000e+01
   4.3000000e-01   1.1040700e+01   1.0000000e+01
   4.4000000e-01   9.2492994e+00   1.0000000e+01
   4.5000000e-01   7.5570458e+00   1.0000000e+01
   4.6000000e-01   6.0675739e+00   1.0000000e+01
   4.7000000e-01   4.8687534e+00   1.0000000e+01
   4.8000000e-01   4.0276153e+00   1.0000000e+01
   4.9000000e-01   3.5867366e+00   1.0000000e+01
   5.0000000e-01   3.5622693e+00   1.0000000e+01
   5.1000000e-01   3.9436894e+00   1.0000000e+01
   5.2000000e-01   4.6952320e+00   1.0000000e+01
   5.3000000e-01   5.7588734e+00   1.0000000e+01
   5.4000000e-01   7.0586282e+00   1.0000000e+01
   5.5000000e-01   8.5058517e+00   1.0000000e+01
   5.6000000e-01   1.0005186e+01   1.0000000e+01
   5.7000000e-01   1.1460756e+01   1.0000000e+01
   5.8000000e-01   1.2782220e+01   1.0000000e+01
   5.9000000e-01   1.3890291e+01   1.0000000e+01
   6.0000000e-01   1.4721412e+01   1.0000000e+01
   6.1000000e-01   1.5231298e+01   1.0000000e+01
   6.2000000e-01   1.5397164e+01   1.0000000e+01
   6.3000000e-01   1.5218537e+01   1.0000000e+01
   6.4000000e-01   1.4716641e+01   1.0000000e+01
   6.5000000e-01   1.3932429e+01   1.0000000e+01
   6.6000000e-01   1.2923436e+01   1.0000000e+01
   6.7000000e-01   1.1759680e+01   1.0000000e+01
   6.8000000e-01   1.0518889e+01   1.0000000e+01
   6.9000000e-01   9.2813873e+00   1.0000000e+01
   7.0000000e-01   8.1249656e+00   1.0000000e+01
   7.1000000e-01   7.1200581e+00   1.0000000e+01
   7.2000000e-01   6.3255222e+00   1.0000000e+01
   7.3000000e-01   5.7852697e+00   1.0000000e+01
   7.4000000e-01   5.5259361e+00   1.0000000e+01
   7.5000000e-01   5.5557048e+00   1.0000000e+01
   7.6000000e-01   5.8643266e+00   1.0000000e+01
   7.7000000e-01   6.4242987e+00   1.0000000e+01
   7.8000000e-01   7.1930954e+00   1.0000000e+01
   7.9000000e-01   8.1162804e+00   1.0000000e+01
   8.0000000e-01   9.1312772e+00   1.0000000e+01
   8.1000000e-01   1.0171544e+01   1.0000000e+01
   8.2000000e-01   1.1170876e+01   1.0000000e+01
   8.3000000e-01   1.2067564e+01   1.0000000e+01
   8.4000000e-01   1.2808144e+01   1.0000000e+01
   8.5000000e-01   1.3350530e+01   1.0000000e+01
   8.6000000e-01   1.3666327e+01   1.0000000e+01
   8.7000000e-01   1.3742222e+01   1.0000000e+01
   8.8000000e-01   1.3580391e+01   1.0000000e+01
   8.9000000e-01   1.3197905e+01   1.0000000e+01
   9.0000000e-01   1.2625230e+01   1.0000000e+01
   9.1000000e-01   1.1903919e+01   1.0000000e+01
   9.2000000e-01   1.1083676e+01   1.0000000e+01
   9.3000000e-01   1.0218993e+01   1.0000000e+01
   9.4000000e-01   9.3655772e+00   1.0000000e+01
   9.5000000e-01   8.5768156e+00   1.0000000e+01
   9.6000000e-01   7.9004781e+00   1.0000000e+01
   9.7000000e-01   7.3758748e+00   1.0000000e+01
   9.8000000e-01   7.0316274e+00   1.0000000e+01
   9.9000000e-01   6.8841771e+00   1.0000000e+01
   1.0000000e+00   6.9371026e+00   1.0000000e+01
   1.0100000e+00   7.1812677e+00   1.0000000e+01
   1.0200000e+00   7.5957647e+00   1.0000000e+01
   1.0300000e+00   8.1495711e+00   1.0000000e+01
   1.0400000e+00   8.8037955e+00   1.0000000e+01
   1.0500000e+00   9.5143531e+00   1.0000000e+01
   1.0600000e+00   1.0234891e+01   1.0000000e+01
   1.0700000e+00   1.0919769e+01   1.0000000e+01
   1.0800000e+00   1.1526918e+01   1.0000000e+01
   1.0900000e+00   1.2020375e+01   1.0000000e+01
   1.1000000e+00   1.2372378e+01   1.0000000e+01
   1.1100000e+00   1.2564870e+01   1.0000000e+01
   1.1200000e+00   1.2590357e+01   1.0000000e+01
   1.1300000e+00   1.2452073e+01   1.0000000e+01
   1.1400000e+00   1.2163467e+01   1.0000000e+01
   1.1500000e+00   1.1747058e+01   1.0000000e+01
   1.1600000e+00   1.1232756e+01   1.0000000e+01
   1.1700000e+00   1.0655766e+01   1.0000000e+01
   1.1800000e+00   1.0054221e+01   1.0000000e+01
   1.1900000e+00   9.4666900e+00   1.0000000e+01
   1.2000000e+00   8.9297463e+00   1.0000000e+01
   1.2100000e+00   8.4757183e+00   1.0000000e+01
   1.2200000e+00   8.1307795e+00   1.0000000e+01
   1.2300000e+00   7.9134793e+00   1.0000000e+01
   1.2400000e+00   7.8337961e+00   1.0000000e+01
   1.2500000e+00   7.8927582e+00   1.0000000e+01
   1.2600000e+00   8.0826380e+00   1.0000000e+01
   1.2700000e+00   8.3876917e+00   1.0000000e+01
   1.2800000e+00   8.7853833e+00   1.0000000e+01
   1.2900000e+00   9.2479989e+00   1.0000000e+01
   1.3000000e+00   9.7445415e+00   1.0000000e+01
   1.3100000e+00   1.0242777e+01   1.0000000e+01
   1.3200000e+00   1.0711297e+01   1.0000000e+01
   1.3300000e+00   1.1121477e+01   1.0000000e+01
   1.3400000e+00   1.1449189e+01   1.0000000e+01
   1.3500000e+00   1.1676198e+01   1.0000000e+01
   1.3600000e+00   1.1791133e+01   1.0000000e+01
   1.3700000e+00   1.1790008e+01   1.0000000e+01
   1.3800000e+00   1.1676256e+01   1.0000000e+01
   1.3900000e+00   1.1460299e+01   1.0000000e+01
   1.4000000e+00   1.1158690e+01   1.0000000e+01
   1.4100000e+00   1.0792894e+01   1.0000000e+01
   1.4200000e+00   1.0387792e+01   1.0000000e+01
   1.4300000e+00   9.9700189e+00   1.0000000e+01
   1.4400000e+00   9.5662366e+00   1.0000000e+01
   1.4500000e+00   9.2014526e+00   1.0000000e+01
   1.4600000e+00   8.8974959e+00   1.0000000e+01
   1.4700000e+00   8.6717348e+00   1.0000000e+01
   1.4800000e+00   8.5361128e+00   1.0000000e+01
   1.4900000e+00   8.4965542e+00   1.0000000e+01
   1.5000000e+00   8.5527656e+00   1.0000000e+01
   1.5100000e+00   8.6984348e+00   1.0000000e+01
   1.5200000e+00   8.9218018e+00   1.0000000e+01
   1.5300000e+00   9.2065572e+00   1.0000000e+01
   1.5400000e+00   9.5330008e+00   1.0000000e+01
   1.5500000e+00   9.8793788e+00   1.0000000e+01
   1.5600000e+00   1.0223314e+01   1.0000000e+01
   1.5700000e+00   1.0543229e+01   1.0000000e+01
   1.5800000e+00   1.0819686e+01   1.0000000e+01
   1.5900000e+00   1.1036545e+01   1.0000000e+01
   1.6000000e+00   1.1181883e+01   1.0000000e+01
   1.6100000e+00   1.1248624e+01   1.0000000e+01
   1.6200000e+00   1.1234846e+01   1.0000000e+01
   1.6300000e+00   1.1143748e+01   1.0000000e+01
   1.6400000e+00   1.0983305e+01   1.0000000e+01
   1.6500000e+00   1.0765622e+01   1.0000000e+01
   1.6600000e+00   1.0506059e+01   1.0000000e+01
   1.6700000e+00   1.0222165e+01   1.0000000e+01
   1.6800000e+00   9.9325134e+00   1.0000000e+01
   1.6900000e+00   9.6555010e+00   1.0000000e+01
   1.7000000e+00   9.4081962e+00   1.0000000e+01
   1.7100000e+00   9.2053030e+00   1.0000000e+01
   1.7200000e+00   9.0583047e+00   1.0000000e+01
   1.7300000e+00   8.9748336e+00   1.0000000e+01
   1.7400000e+00   8.9583028e+00   1.0000000e+01
   1.7500000e+00   9.0078134e+00   1.0000000e+01
   1.7600000e+00   9.1183359e+00   1.0000000e+01
   1.7700000e+00   9.2811467e+00   1.0000000e+01
   1.7800000e+00   9.4844840e+00   1.0000000e+01
   1.7900000e+00   9.7143758e+00   1.0000000e+01
   1.8000000e+00   9.9555841e+00   1.0000000e+01
   1.8100000e+00   1.0192600e+01   1.0000000e+01
   1.8200000e+00   1.0410627e+01   1.0000000e+01
   1.8300000e+00   1.0596493e+01   1.0000000e+01
   1.8400000e+00   1.0739433e+01   1.0000000e+01
   1.8500000e+00   1.0831693e+01   1.0000000e+01
   1.8600000e+00   1.0868934e+01   1.0000000e+01
   1.8700000e+00   1.0850408e+01   1.0000000e+01
   1.8800000e+00   1.0778896e+01   1.0000000e+01
   1.8900000e+00   1.0660433e+01   1.0000000e+01
   1.9000000e+00   1.0503835e+01   1.0000000e+01
   1.9100000e+00   1.0320065e+01   1.0000000e+01
   1.9200000e+00   1.0121473e+01   1.0000000e+01
   1.9300000e+00   9.9209905e+00   1.0000000e+01
   1.9400000e+00   9.7312885e+00   1.0000000e+01
   1.9500000e+00   9.5639946e+00   1.0000000e+01
   1.9600000e+00   9.4289888e+00   1.0000000e+01
   1.9700000e+00   9.3338327e+00   1.0000000e+01
   1.9800000e+00   9.2833606e+00   1.0000000e+01
   1.9900000e+00   9.2794547e+00   1.0000000e+01
   2.0000000e+00   9.3210117e+00   1.0000000e+01
