2.87  2.85
2.89  2.85
2.90  2.85
2.85  2.85
2.87  2.86
2.85  2.86
2.81  2.85
2.79  2.85
2.76  2.84
3.16  2.87
3.20  2.90
-3.45  2.30
-6.62  1.45
-10.15  0.34
-15.44  -1.16
-21.41  -3.08
-26.10  -5.27
-29.28  -7.56
-32.07  -9.89
-90.12  -12.38
-40.34  -15.04
-43.95  -17.79
-47.97  -20.66
-52.59  -23.70
-56.76  -26.85
-60.27  -30.02
-64.01  -33.26
-68.24  -36.59
-71.76  -39.93
-74.24  -43.20
-78.70  -46.57
-82.84  -50.02
-86.32  -53.47
-89.73  -56.92
-92.78  -60.33
-94.08  -63.54
-93.76  -66.42
-92.23  -68.87
-84.60  -70.37
-71.25  -70.45
-56.07  -69.08
-43.43  -66.64
-31.81  -63.33
-19.72  -59.18
-5.53  -54.08
6.09  -48.35
13.95  -42.43
21.11  -36.38
28.46  -30.22
34.99  -24.01
44.08  -17.54
51.91  -10.93
57.99  -4.37
64.43  2.17
70.65  8.69
74.17  14.91
79.48  21.06
86.13  27.25
90.99  33.31
94.12  39.09
98.58  44.75
102.19  50.22
108.11  55.72
114.45  61.31
115.48  66.46
119.96  71.55
125.80  76.71